%YAML:1.0
---
cameraMatrix: !!opencv-matrix
   rows: 3
   cols: 3
   dt: d
   data: [ 1.0944613454541013e+03, 0., 1.0250418451308767e+03, 0.,
       1.0833659646668898e+03, 5.0298985536871754e+02, 0., 0., 1. ]
distortionCoefficients: !!opencv-matrix
   rows: 1
   cols: 5
   dt: d
   data: [ 2.7764058979825756e-02, 1.2100283392502703e-01,
       -1.8028740497880415e-02, 2.2499324811369896e-02,
       -2.7563582872857872e-01 ]
rotation: !!opencv-matrix
   rows: 3
   cols: 3
   dt: d
   data: [ 1., 0., 0., 0., 1., 0., 0., 0., 1. ]
projection: !!opencv-matrix
   rows: 4
   cols: 4
   dt: d
   data: [ 1.0944613454541013e+03, 0., 1.0250418451308767e+03, 0., 0.,
       1.0833659646668898e+03, 5.0298985536871754e+02, 0., 0., 0., 1.,
       0., 0., 0., 0., 1. ]
