%YAML:1.0
---
depthShift: 2.5137054479990888e+00
