%YAML:1.0
---
cameraMatrix: !!opencv-matrix
   rows: 3
   cols: 3
   dt: d
   data: [ 3.7493405543386069e+02, 0., 2.5585739443387030e+02, 0.,
       3.7472716437671465e+02, 2.1878647931159821e+02, 0., 0., 1. ]
distortionCoefficients: !!opencv-matrix
   rows: 1
   cols: 5
   dt: d
   data: [ 2.3277878432007465e-01, -1.0087511404791893e+00,
       1.3745979149754015e-02, -1.1969168811623929e-05,
       1.5530919081769259e+00 ]
rotation: !!opencv-matrix
   rows: 3
   cols: 3
   dt: d
   data: [ 1., 0., 0., 0., 1., 0., 0., 0., 1. ]
projection: !!opencv-matrix
   rows: 4
   cols: 4
   dt: d
   data: [ 3.7493405543386069e+02, 0., 2.5585739443387030e+02, 0., 0.,
       3.7472716437671465e+02, 2.1878647931159821e+02, 0., 0., 0., 1.,
       0., 0., 0., 0., 1. ]
