%YAML:1.0
---
rotation: !!opencv-matrix
   rows: 3
   cols: 3
   dt: d
   data: [ 9.9792174191494432e-01, -1.6548414797424933e-02,
       -6.2276375786775098e-02, 2.0767838377989224e-02,
       9.9748766964944002e-01, 6.7727732771999949e-02,
       6.0999130342562907e-02, -6.8880322770890706e-02,
       9.9575830763917250e-01 ]
translation: !!opencv-matrix
   rows: 3
   cols: 1
   dt: d
   data: [ -5.6227079235063745e-02, 2.6933981833492317e-03,
       -1.7407082738426994e-02 ]
essential: !!opencv-matrix
   rows: 3
   cols: 3
   dt: d
   data: [ 5.2580242779447987e-04, 1.7177828259928907e-02,
       3.8609158648985290e-03, -1.3941103392947359e-02,
       -3.5848797406070518e-03, 5.7072631288570499e-02,
       -3.8555155008186096e-03, -5.6041246767025460e-02,
       -3.6403975195727907e-03 ]
fundamental: !!opencv-matrix
   rows: 3
   cols: 3
   dt: d
   data: [ 2.1581701047763014e-07, 7.0545782395383383e-06,
       -1.0044980081285223e-03, -5.7807671126472728e-06,
       -1.4873138745768964e-06, 1.0677469029504495e-02,
       9.5445340935994727e-04, -3.1672139196259122e-02, 1. ]
