%YAML:1.0
---
depthShift: -5.2607675600682818e+01
