%YAML:1.0
---
rotation: !!opencv-matrix
   rows: 3
   cols: 3
   dt: d
   data: [ 9.9694386709849137e-01, 3.1616071225146884e-03,
       7.8057223209056156e-02, -1.4182932068731893e-03,
       9.9974854968513271e-01, -2.2379138653063149e-02,
       -7.8108349739863844e-02, 2.2200037001693308e-02,
       9.9669766933510917e-01 ]
translation: !!opencv-matrix
   rows: 3
   cols: 1
   dt: d
   data: [ -5.8647732090020457e-02, 6.4385202192253225e-03,
       1.0672659860261691e-02 ]
essential: !!opencv-matrix
   rows: 3
   cols: 3
   dt: d
   data: [ -4.8776522811135899e-04, -1.0527040829476404e-02,
       6.6561030312786333e-03, 6.0591652237789798e-03,
       1.3357245798942300e-03, 5.9287136078860062e-02,
       -6.3356635657245246e-03, -5.8653341170703727e-02,
       8.0991271824217654e-04 ]
fundamental: !!opencv-matrix
   rows: 3
   cols: 3
   dt: d
   data: [ 2.6416957225581176e-06, 5.6294208105292141e-05,
       -2.4098462707434206e-02, -3.2376804147247166e-05,
       -7.0473128554165937e-06, -9.6375406259165797e-02,
       4.8527924426819170e-02, 2.6064268694492110e-01, 1. ]
