%YAML:1.0
---
cameraMatrix: !!opencv-matrix
   rows: 3
   cols: 3
   dt: d
   data: [ 3.3663473006028960e+02, 0., 2.7373002590627760e+02, 0.,
       3.4093647647219342e+02, 1.9966601599225368e+02, 0., 0., 1. ]
distortionCoefficients: !!opencv-matrix
   rows: 1
   cols: 5
   dt: d
   data: [ 1.3040576675530977e-01, -4.8893348974873552e-01,
       6.1373840753558596e-03, 1.0636333866835037e-02,
       2.0148005199259045e-01 ]
rotation: !!opencv-matrix
   rows: 3
   cols: 3
   dt: d
   data: [ 1., 0., 0., 0., 1., 0., 0., 0., 1. ]
projection: !!opencv-matrix
   rows: 4
   cols: 4
   dt: d
   data: [ 3.3663473006028960e+02, 0., 2.7373002590627760e+02, 0., 0.,
       3.4093647647219342e+02, 1.9966601599225368e+02, 0., 0., 0., 1.,
       0., 0., 0., 0., 1. ]
