%YAML:1.0
---
cameraMatrix: !!opencv-matrix
   rows: 3
   cols: 3
   dt: d
   data: [ 9.8718254893213714e+02, 0., 9.3648739464850769e+02, 0.,
       1.0005717627229562e+03, 5.2902767078422141e+02, 0., 0., 1. ]
distortionCoefficients: !!opencv-matrix
   rows: 1
   cols: 5
   dt: d
   data: [ 2.0420863614096802e-02, -7.9034573201930247e-02,
       3.9919700056134230e-03, -2.1043513156549084e-03,
       3.5451195024507359e-02 ]
rotation: !!opencv-matrix
   rows: 3
   cols: 3
   dt: d
   data: [ 1., 0., 0., 0., 1., 0., 0., 0., 1. ]
projection: !!opencv-matrix
   rows: 4
   cols: 4
   dt: d
   data: [ 9.8718254893213714e+02, 0., 9.3648739464850769e+02, 0., 0.,
       1.0005717627229562e+03, 5.2902767078422141e+02, 0., 0., 0., 1.,
       0., 0., 0., 0., 1. ]
